-1.235441416501998901e-01
3.935584798455238342e-02
5.163262039422988892e-02
-1.564012467861175537e-01
-6.131194531917572021e-02
-1.675281673669815063e-02
-2.386344596743583679e-03
-1.044661700725555420e-01
2.295199632644653320e-01
-1.109535247087478638e-01
2.683310508728027344e-01
-1.000012643635272980e-02
-1.538414806127548218e-01
-1.243624165654182434e-01
-5.712487734854221344e-03
1.568730920553207397e-01
-1.791874319314956665e-01
-1.754941344261169434e-01
-4.829051345586776733e-02
-7.981530576944351196e-02
-6.133681535720825195e-02
-9.838860481977462769e-03
2.106861770153045654e-02
8.750146627426147461e-02
-2.066172212362289429e-01
-2.906384468078613281e-01
-8.196952193975448608e-02
-1.390859335660934448e-01
1.477353833615779877e-02
-6.370504852384328842e-03
6.531105935573577881e-02
1.247500181198120117e-01
-2.500115036964416504e-01
-1.207086816430091858e-02
3.102947026491165161e-02
1.211983934044837952e-01
-1.074013579636812210e-02
1.580242998898029327e-03
1.355331838130950928e-01
-3.084084391593933105e-02
-1.707031428813934326e-01
-2.896804362535476685e-02
5.537306517362594604e-02
2.151288241147994995e-01
2.044925838708877563e-01
1.487422082573175430e-02
9.602066129446029663e-03
-4.044997692108154297e-02
6.316114217042922974e-02
-2.376987189054489136e-01
6.485316157341003418e-02
8.323411643505096436e-02
1.004598140716552734e-01
1.294825505465269089e-02
7.716914266347885132e-02
-1.439726352691650391e-01
3.128193318843841553e-02
1.224872395396232605e-01
-1.727008372545242310e-01
-5.103773903101682663e-03
-4.016615822911262512e-02
-8.161851018667221069e-02
-6.518279016017913818e-02
-3.038880042731761932e-02
2.795193195343017578e-01
1.260451227426528931e-01
-1.228761598467826843e-01
-6.987863034009933472e-02
2.565077543258666992e-01
-1.066899150609970093e-01
-1.836727187037467957e-02
9.030362963676452637e-02
-1.033641844987869263e-01
-1.273838132619857788e-01
-2.857991456985473633e-01
1.539247110486030579e-03
4.586961567401885986e-01
1.335502266883850098e-01
-1.724621504545211792e-01
1.200480312108993530e-01
-1.129241585731506348e-01
1.432715542614459991e-02
-4.375371336936950684e-02
5.417276918888092041e-02
-1.180100142955780029e-01
2.509275451302528381e-02
-6.259877234697341919e-02
2.854098379611968994e-02
1.714385449886322021e-01
2.742478251457214355e-02
-5.128157790750265121e-03
2.013619691133499146e-01
-3.288093209266662598e-02
7.096258923411369324e-03
4.139086604118347168e-02
-5.171055346727371216e-02
-3.003996238112449646e-02
-6.788208335638046265e-02
-1.115807592868804932e-01
-9.608067572116851807e-02
1.056104898452758789e-02
-2.985029481351375580e-02
-5.630369298160076141e-03
1.122110933065414429e-01
-2.554231882095336914e-01
1.740768551826477051e-01
3.766947612166404724e-02
-3.538976982235908508e-02
1.298990845680236816e-02
1.026142761111259460e-01
3.488311544060707092e-02
-3.479761257767677307e-02
1.367377191781997681e-01
-2.877206206321716309e-01
1.777136325836181641e-01
1.185585409402847290e-01
7.876407355070114136e-03
1.995608955621719360e-01
4.332670569419860840e-02
6.694215536117553711e-02
-5.019703879952430725e-02
-4.610218107700347900e-02
-1.156840994954109192e-01
-6.937552988529205322e-02
4.221215844154357910e-02
-9.712795913219451904e-02
1.451784968376159668e-01
8.319346606731414795e-02
