-1.029133573174476624e-01
-1.631745137274265289e-03
7.513542473316192627e-02
-7.337979227304458618e-02
-6.941785663366317749e-02
-6.719439756125211716e-03
-1.488877832889556885e-02
-9.496714919805526733e-02
2.179762423038482666e-01
-1.202000975608825684e-01
1.241560727357864380e-01
-5.382413417100906372e-02
-1.992192864418029785e-01
-8.110054582357406616e-02
-1.403255388140678406e-02
1.549824029207229614e-01
-1.814692020416259766e-01
-1.577601283788681030e-01
-1.119462586939334869e-02
-3.046086989343166351e-02
-1.473234593868255615e-02
-1.665957830846309662e-02
2.830026857554912567e-02
5.634429678320884705e-02
-1.288866996765136719e-01
-3.564024269580841064e-01
-9.248546510934829712e-02
-1.746767610311508179e-01
-5.826547741889953613e-03
-3.933907300233840942e-02
-5.568902939558029175e-02
5.200118944048881531e-02
-2.279735356569290161e-01
-3.788410499691963196e-02
7.581375539302825928e-04
6.479323655366897583e-02
1.044513192027807236e-02
-6.176376342773437500e-02
1.438772231340408325e-01
-1.431386172771453857e-02
-2.136953622102737427e-01
-1.252814680337905884e-01
6.065729260444641113e-02
1.880580037832260132e-01
1.213559284806251526e-01
-3.732427489012479782e-03
-4.039511829614639282e-02
-3.716008365154266357e-02
9.927132725715637207e-02
-2.161303013563156128e-01
3.430753946304321289e-03
8.164492249488830566e-02
1.150083318352699280e-01
-1.529064029455184937e-04
1.058966368436813354e-01
-1.527650058269500732e-01
5.183244496583938599e-02
6.033245474100112915e-02
-2.010958939790725708e-01
4.958190396428108215e-02
-4.753438010811805725e-02
-7.362654805183410645e-02
-2.243903651833534241e-02
-3.037662431597709656e-02
2.580881416797637939e-01
9.376788884401321411e-02
-6.834960728883743286e-02
-1.007256060838699341e-01
1.853876858949661255e-01
-1.279021650552749634e-01
5.223006755113601685e-02
9.869370609521865845e-02
-9.871396422386169434e-02
-1.830665320158004761e-01
-2.935978770256042480e-01
-8.770388364791870117e-02
4.057193398475646973e-01
1.203006580471992493e-01
-1.838339865207672119e-01
2.760246209800243378e-02
-1.570837497711181641e-01
-4.800996929407119751e-02
5.755744129419326782e-02
7.290457934141159058e-02
-4.520641267299652100e-02
9.066615998744964600e-02
-9.767181426286697388e-02
1.094333548098802567e-02
1.883747279644012451e-01
-5.815027281641960144e-02
-4.363076761364936829e-03
1.648800820112228394e-01
-4.449076205492019653e-02
1.143799629062414169e-02
-9.737652726471424103e-03
-3.989635407924652100e-02
-8.199588954448699951e-02
-4.076392203569412231e-02
-1.494669318199157715e-01
-8.051924407482147217e-02
1.367853768169879913e-02
-4.709957167506217957e-02
-1.646011695265769958e-02
1.140601187944412231e-01
-2.413107007741928101e-01
1.398476958274841309e-02
7.271283864974975586e-02
-1.128687337040901184e-01
-1.117996126413345337e-02
3.816127777099609375e-02
-1.056923866271972656e-01
-9.781300276517868042e-02
1.554394215345382690e-01
-2.677314877510070801e-01
1.305512636899948120e-01
1.743050068616867065e-01
-1.168247777968645096e-02
1.559011042118072510e-01
-2.934585511684417725e-02
2.747136726975440979e-02
-7.340566068887710571e-02
-8.264911174774169922e-02
-1.066798120737075806e-01
-2.820965647697448730e-02
6.647835671901702881e-02
-3.560675680637359619e-02
5.052988231182098389e-02
8.311385288834571838e-03
