-8.368279784917831421e-02
2.154078334569931030e-01
7.451029866933822632e-02
-2.853931486606597900e-02
-1.692621707916259766e-01
8.489552885293960571e-02
-1.245917938649654388e-02
-7.707676291465759277e-02
1.955033242702484131e-01
-4.561955854296684265e-02
1.745913475751876831e-01
-5.390062928199768066e-03
-2.263601422309875488e-01
-9.869887679815292358e-02
2.304154075682163239e-02
1.640003174543380737e-01
-1.772587150335311890e-01
-1.803827732801437378e-01
-8.578467369079589844e-02
-7.775287330150604248e-02
-2.267590723931789398e-02
9.840100072324275970e-03
-6.525839213281869888e-03
1.043147780001163483e-02
-1.513336896896362305e-01
-3.888639807701110840e-01
3.009984642267227173e-02
-9.948378056287765503e-02
8.872076869010925293e-02
-1.020465418696403503e-01
-6.459236890077590942e-02
6.193998083472251892e-02
-1.922211349010467529e-01
-6.850305199623107910e-02
-7.421238813549280167e-03
1.259957104921340942e-01
-1.479923278093338013e-01
-5.039530992507934570e-02
1.933947056531906128e-01
1.527490094304084778e-04
-2.251571863889694214e-01
4.017678275704383850e-02
2.032947540283203125e-02
2.286133170127868652e-01
2.587473988533020020e-01
2.276994287967681885e-02
1.484679803252220154e-02
-4.926259070634841919e-02
1.889092028141021729e-01
-3.333788812160491943e-01
8.646619319915771484e-02
1.437989324331283569e-01
9.507568180561065674e-02
9.458647668361663818e-02
1.118146628141403198e-01
-1.939796805381774902e-01
-1.105985511094331741e-02
1.320600509643554688e-01
-2.203327417373657227e-01
1.486348919570446014e-02
8.236625231802463531e-03
-1.436020433902740479e-01
-2.262235619127750397e-02
-2.888897806406021118e-02
1.760325133800506592e-01
1.159655451774597168e-01
-2.063147351145744324e-02
-1.063369214534759521e-01
1.871148943901062012e-01
-1.347189992666244507e-01
-3.160441666841506958e-02
1.059937700629234314e-01
2.081610728055238724e-03
-1.743879169225692749e-01
-2.847880721092224121e-01
9.705586731433868408e-02
3.777517974376678467e-01
1.883308291435241699e-01
-1.932533830404281616e-01
-2.744418010115623474e-02
-1.105527393519878387e-02
-3.745561465620994568e-02
8.639543503522872925e-02
4.693156853318214417e-02
-8.870510756969451904e-02
-8.440179377794265747e-02
-1.423745155334472656e-01
-2.533643133938312531e-02
1.865599453449249268e-01
-2.178513631224632263e-02
4.502367228269577026e-04
2.508853971958160400e-01
6.622474640607833862e-02
4.841926693916320801e-02
4.375891014933586121e-02
6.563125550746917725e-02
-1.317247599363327026e-01
1.559489779174327850e-02
-1.565826684236526489e-01
-7.941467314958572388e-02
7.636079192161560059e-02
-8.037080615758895874e-02
-2.788963168859481812e-02
8.712811022996902466e-02
-2.093355506658554077e-01
1.720387637615203857e-01
-1.510616764426231384e-02
-2.989466767758131027e-03
-2.364755794405937195e-02
-9.153354912996292114e-02
-1.812251843512058258e-02
1.215364318341016769e-02
1.709100604057312012e-01
-2.802816629409790039e-01
2.017611414194107056e-01
1.814103722572326660e-01
-4.232915490865707397e-02
2.021750658750534058e-01
8.668890595436096191e-02
-1.586447283625602722e-02
1.461835671216249466e-02
-1.286280304193496704e-01
-1.588124632835388184e-01
-9.598833322525024414e-02
9.001576900482177734e-02
-4.761376604437828064e-02
-1.319270674139261246e-02
7.729618996381759644e-02
