-1.299820095300674438e-01
2.724590338766574860e-02
-1.043927855789661407e-03
-4.123890772461891174e-02
-1.912306696176528931e-01
-1.261668372899293900e-02
1.024475879967212677e-02
-1.179380491375923157e-01
1.201251670718193054e-01
-6.690870970487594604e-02
2.239858210086822510e-01
-3.121723793447017670e-02
-2.356617748737335205e-01
-1.459864377975463867e-01
2.273103594779968262e-02
7.708361744880676270e-02
-8.828661590814590454e-02
-1.562658548355102539e-01
-5.283475667238235474e-02
-7.946805655956268311e-02
-2.866777591407299042e-02
3.060428798198699951e-02
2.701630583032965660e-03
6.038786377757787704e-03
-7.521981745958328247e-02
-3.183025121688842773e-01
-6.072770431637763977e-02
-1.019125282764434814e-01
1.629006490111351013e-02
-8.848479390144348145e-02
8.263790607452392578e-02
1.058613508939743042e-01
-2.061544358730316162e-01
-1.061490476131439209e-01
-1.135011762380599976e-02
8.274564146995544434e-02
-7.053627818822860718e-02
-2.247805148363113403e-02
2.276815176010131836e-01
-3.017068654298782349e-02
-1.323977261781692505e-01
-6.606933474540710449e-02
4.518599249422550201e-03
2.815820872783660889e-01
1.375759392976760864e-01
-2.809266932308673859e-02
6.265867501497268677e-03
-3.223156183958053589e-02
5.614401400089263916e-02
-2.913360297679901123e-01
6.842741370201110840e-02
1.863246858119964600e-01
1.018288210034370422e-01
5.267423763871192932e-02
1.576415076851844788e-02
-8.518342673778533936e-02
5.202473700046539307e-02
1.419023573398590088e-01
-2.225548028945922852e-01
5.111702531576156616e-02
1.012954935431480408e-01
-4.992350190877914429e-02
-7.796760648488998413e-02
-3.925561532378196716e-02
2.707735300064086914e-01
1.207930818200111389e-01
-4.481042176485061646e-02
-1.520692259073257446e-01
1.879764944314956665e-01
-1.381940543651580811e-01
-1.078910976648330688e-01
7.310020923614501953e-02
-1.234423816204071045e-01
-1.947243064641952515e-01
-2.331255823373794556e-01
8.877214044332504272e-02
3.115461170673370361e-01
1.323502808809280396e-01
-1.939230859279632568e-01
8.779297582805156708e-03
-1.425159573554992676e-01
2.734197303652763367e-02
1.011081114411354065e-01
-5.371177569031715393e-02
1.937522739171981812e-02
-9.500447660684585571e-02
-9.858658164739608765e-02
3.458280116319656372e-03
1.868295669555664062e-01
-4.854859411716461182e-02
-4.456629604101181030e-02
2.338995635509490967e-01
8.472064882516860962e-02
-3.211034461855888367e-02
8.939665555953979492e-02
2.112895064055919647e-02
5.758491158485412598e-02
3.915118798613548279e-02
-1.315330266952514648e-01
5.459909141063690186e-02
1.041327416896820068e-01
-1.131277009844779968e-01
3.964532539248466492e-02
8.943770080804824829e-02
-1.806462705135345459e-01
1.879639029502868652e-01
1.022870186716318130e-02
1.309698633849620819e-02
3.797400742769241333e-02
-8.545194566249847412e-02
-9.417357295751571655e-02
-3.851152956485748291e-02
2.012425959110260010e-01
-2.879037261009216309e-01
2.859566509723663330e-01
1.379955261945724487e-01
-9.562560357153415680e-03
1.769265830516815186e-01
2.461616694927215576e-02
8.716643601655960083e-02
-1.486069709062576294e-02
-9.347784519195556641e-02
-1.548402905464172363e-01
-8.494774997234344482e-02
4.592046886682510376e-02
-5.960360635071992874e-03
-4.477265849709510803e-02
9.057880192995071411e-02
