-1.697139739990234375e-01
8.219490200281143188e-02
2.561241388320922852e-02
-9.951632469892501831e-02
-2.989055961370468140e-02
-6.847246736288070679e-02
1.342650875449180603e-02
-1.158826649188995361e-01
1.792153567075729370e-01
-1.795080006122589111e-01
2.302418798208236694e-01
-9.780178964138031006e-02
-2.428244352340698242e-01
-2.756564691662788391e-02
-5.929652601480484009e-02
1.757027059793472290e-01
-2.000493407249450684e-01
-1.445818245410919189e-01
-4.455919563770294189e-02
-8.651527762413024902e-02
8.843801915645599365e-02
-4.130801558494567871e-02
5.370306316763162613e-03
1.293411403894424438e-01
-1.488857567310333252e-01
-3.187003433704376221e-01
-1.681007444858551025e-01
-1.687742173671722412e-01
-3.215514868497848511e-02
-4.938219115138053894e-02
5.388173088431358337e-02
6.130607053637504578e-02
-2.225651890039443970e-01
-3.529037535190582275e-02
-5.116939172148704529e-02
6.166305020451545715e-02
1.587369106709957123e-02
-2.800582535564899445e-02
1.771239638328552246e-01
-2.291990444064140320e-02
-1.809906810522079468e-01
-1.202005371451377869e-01
3.801465407013893127e-02
2.749426662921905518e-01
1.198531612753868103e-01
-5.620687827467918396e-02
-4.076259210705757141e-03
1.941043138504028320e-02
1.529371831566095352e-02
-2.160580307245254517e-01
-2.190005593001842499e-02
1.247845962643623352e-01
9.578380733728408813e-02
8.920765668153762817e-02
4.757114127278327942e-02
-8.927945047616958618e-02
7.500873506069183350e-02
1.094359830021858215e-01
-1.886131167411804199e-01
1.498535461723804474e-02
7.764833047986030579e-03
-1.113669648766517639e-01
-3.236119449138641357e-02
4.440661985427141190e-03
2.907436192035675049e-01
1.265743672847747803e-01
-1.553690284490585327e-01
-9.746763110160827637e-02
1.895507276058197021e-01
-1.543994694948196411e-01
3.582608327269554138e-02
1.082186698913574219e-01
-1.623585224151611328e-01
-1.769711226224899292e-01
-2.746680974960327148e-01
-1.403953880071640015e-02
4.299485683441162109e-01
9.678456932306289673e-02
-1.516873240470886230e-01
4.698964953422546387e-02
-1.459389030933380127e-01
-2.642074599862098694e-02
8.298183977603912354e-02
1.084431633353233337e-01
-1.412401162087917328e-02
9.058447182178497314e-02
-8.593572676181793213e-02
9.689505398273468018e-02
1.414140164852142334e-01
-4.297802969813346863e-02
-6.827412545680999756e-02
2.118291705846786499e-01
-6.119892001152038574e-02
-7.904608733952045441e-03
6.360842287540435791e-02
5.316745862364768982e-02
-5.738251656293869019e-02
-9.719231724739074707e-02
-9.456960856914520264e-02
1.647102087736129761e-02
-7.474841549992561340e-04
-5.893667042255401611e-02
-1.158998161554336548e-01
7.036628574132919312e-02
-1.143814474344253540e-01
8.497308194637298584e-02
2.389525994658470154e-02
-3.348702937364578247e-02
-1.132549792528152466e-01
3.617591783404350281e-02
-1.182523444294929504e-01
-7.075877487659454346e-02
1.572030633687973022e-01
-2.342739105224609375e-01
1.262882202863693237e-01
1.665999442338943481e-01
-1.211257725954055786e-01
1.279603838920593262e-01
7.751379627734422684e-03
5.473071709275245667e-02
-7.143277674913406372e-02
-8.707603812217712402e-02
-1.461197137832641602e-01
-4.376968368887901306e-02
1.003869995474815369e-01
-3.594567626714706421e-02
8.137554675340652466e-02
-7.156506180763244629e-02
