-1.561847031116485596e-01
2.042758837342262268e-02
3.876151144504547119e-02
-3.582610189914703369e-02
-9.202037751674652100e-02
-5.148221924901008606e-02
-1.746683567762374878e-02
-1.451384872198104858e-01
1.860024183988571167e-01
-1.359496712684631348e-01
2.159341126680374146e-01
-1.700854301452636719e-02
-1.445461362600326538e-01
-1.241339519619941711e-01
8.436157554388046265e-02
1.766699850559234619e-01
-1.143805980682373047e-01
-1.833376735448837280e-01
-5.159460008144378662e-02
-5.957119166851043701e-02
-4.562138766050338745e-02
2.410456165671348572e-02
4.956840351223945618e-02
1.080437228083610535e-01
-2.289643287658691406e-01
-3.299098014831542969e-01
-1.251858174800872803e-01
-1.626313030719757080e-01
-3.444020822644233704e-02
-2.067857235670089722e-02
9.540739469230175018e-03
1.071386858820915222e-01
-1.928241848945617676e-01
-8.325278759002685547e-05
6.693868339061737061e-02
1.691963225603103638e-01
-1.010499196127057076e-03
3.744433633983135223e-03
1.358565539121627808e-01
-1.323985215276479721e-02
-2.796739637851715088e-01
-8.850333839654922485e-02
3.635018318891525269e-02
2.491910457611083984e-01
1.405530422925949097e-01
3.162183333188295364e-03
3.418504446744918823e-02
1.577192917466163635e-02
-6.996399257332086563e-03
-1.984891742467880249e-01
5.712955445051193237e-02
9.683662652969360352e-02
2.272943407297134399e-02
2.011483721435070038e-02
4.583844915032386780e-02
-1.641491800546646118e-01
-2.532671764492988586e-02
7.861663401126861572e-02
-1.589592397212982178e-01
-2.788032963871955872e-02
3.127788007259368896e-02
-9.013834595680236816e-02
-6.232950836420059204e-02
-6.103088706731796265e-02
2.991012632846832275e-01
1.683693081140518188e-01
-1.686363071203231812e-01
-1.103816777467727661e-01
1.677549332380294800e-01
-1.819463223218917847e-01
-4.352767020463943481e-02
9.968040138483047485e-02
-1.836387068033218384e-01
-1.825561672449111938e-01
-3.612056076526641846e-01
-3.345619514584541321e-02
4.703798294067382812e-01
1.287304759025573730e-01
-1.679839044809341431e-01
1.633724570274353027e-02
-1.128383800387382507e-01
5.225761607289314270e-02
1.848712749779224396e-02
1.351299434900283813e-01
2.938527241349220276e-02
9.332472831010818481e-02
-4.908412694931030273e-02
3.437798470258712769e-02
1.865625232458114624e-01
-1.986282877624034882e-02
-5.649888888001441956e-02
1.500894725322723389e-01
-4.074961319565773010e-02
2.448013424873352051e-02
-1.696249470114707947e-02
-7.962140254676342010e-03
1.014643907546997070e-02
-1.034001782536506653e-01
-1.065907403826713562e-01
-3.246348723769187927e-02
-7.026912271976470947e-02
2.344406954944133759e-02
-1.091051846742630005e-02
1.242563128471374512e-01
-1.950968056917190552e-01
1.831638365983963013e-01
8.643285930156707764e-02
-4.645122587680816650e-02
-5.831519886851310730e-02
1.385478526353836060e-01
-7.402453571557998657e-02
-7.105771452188491821e-02
1.304093301296234131e-01
-2.858028113842010498e-01
1.922390162944793701e-01
2.009399831295013428e-01
2.871749456971883774e-03
1.869913935661315918e-01
1.583011262118816376e-02
7.634963840246200562e-02
-7.446524500846862793e-02
-3.191687166690826416e-02
-1.394357979297637939e-01
-6.716860085725784302e-02
2.730001136660575867e-02
-6.726640462875366211e-02
1.116194054484367371e-01
4.429905116558074951e-02
