-1.287266314029693604e-01
3.095922619104385376e-02
6.500563770532608032e-02
-5.372257158160209656e-02
-1.384979188442230225e-01
-2.120394073426723480e-02
-1.656138710677623749e-02
-5.098868906497955322e-02
2.247228771448135376e-01
-1.488197296857833862e-01
1.866884380578994751e-01
-5.680445581674575806e-02
-1.990942955017089844e-01
-7.796549052000045776e-02
2.830078825354576111e-03
1.756484210491180420e-01
-2.156884521245956421e-01
-1.547591537237167358e-01
2.299624122679233551e-02
-2.044558525085449219e-02
2.391243167221546173e-02
-4.804389923810958862e-02
3.538345173001289368e-02
1.028927862644195557e-01
-1.553441584110260010e-01
-4.363496303558349609e-01
-8.448684215545654297e-02
-1.744084060192108154e-01
-1.380493864417076111e-03
-2.367111667990684509e-02
-3.235488012433052063e-02
9.059809893369674683e-02
-2.868417203426361084e-01
-3.524435311555862427e-02
-6.508425623178482056e-02
2.636187709867954254e-02
-2.573793381452560425e-02
-5.943858623504638672e-02
1.535896658897399902e-01
2.828125283122062683e-02
-2.115569263696670532e-01
-1.114782243967056274e-01
2.685506269335746765e-02
2.320820540189743042e-01
8.997022360563278198e-02
-2.738998085260391235e-02
3.314957022666931152e-02
3.039306960999965668e-02
6.408588588237762451e-02
-2.327797412872314453e-01
-5.318476632237434387e-02
1.440493762493133545e-01
9.517677128314971924e-02
-1.767033711075782776e-03
4.296004027128219604e-02
-1.010142713785171509e-01
7.682647556066513062e-02
8.399790152907371521e-03
-2.118847817182540894e-01
7.006923109292984009e-02
1.453169062733650208e-02
-5.096295103430747986e-02
-3.075373917818069458e-02
-2.478951402008533478e-02
3.408410549163818359e-01
8.617807924747467041e-02
-8.013935387134552002e-02
-1.049976870417594910e-01
1.333880722522735596e-01
-1.502159684896469116e-01
3.121831081807613373e-02
6.898090243339538574e-02
-1.401637196540832520e-01
-2.050558626651763916e-01
-3.106992244720458984e-01
-5.735204368829727173e-02
3.563345968723297119e-01
1.214931160211563110e-01
-1.200875341892242432e-01
9.063187241554260254e-02
-1.939306110143661499e-01
-4.172109812498092651e-02
2.010195329785346985e-02
1.074131131172180176e-01
-3.991600871086120605e-02
1.414533555507659912e-01
-1.090877801179885864e-01
7.716435194015502930e-02
1.866999715566635132e-01
-6.563979387283325195e-02
1.812695525586605072e-02
2.782313525676727295e-01
-1.335075311362743378e-02
3.526104614138603210e-03
-1.313016004860401154e-02
-6.314155459403991699e-02
-7.136921584606170654e-02
-6.677430123090744019e-02
-9.581469744443893433e-02
-1.308600604534149170e-02
1.430978532880544662e-02
-6.167704984545707703e-02
-2.652659080922603607e-02
5.743348598480224609e-02
-2.511166930198669434e-01
1.572502031922340393e-02
1.445010676980018616e-02
-4.191526025533676147e-02
-2.485766261816024780e-02
3.953843191266059875e-02
-1.893349736928939819e-01
-1.287495940923690796e-01
1.139052584767341614e-01
-2.589082121849060059e-01
1.287115216255187988e-01
1.761323064565658569e-01
2.518484182655811310e-02
1.376396417617797852e-01
4.138431325554847717e-02
-8.648387156426906586e-03
-8.027577400207519531e-02
-7.595399022102355957e-02
-9.550893306732177734e-02
-7.609756197780370712e-03
8.905592560768127441e-02
-7.160243391990661621e-02
3.461185097694396973e-02
3.893712069839239120e-03
