-9.520869702100753784e-02
5.386771634221076965e-03
-5.346686020493507385e-02
-1.179057732224464417e-01
-1.564605683088302612e-01
3.598016873002052307e-02
-3.363823145627975464e-02
-1.809150911867618561e-02
2.210085839033126831e-01
-1.649342030286788940e-01
2.067571282386779785e-01
-7.270884513854980469e-02
-2.368799746036529541e-01
1.005358435213565826e-02
-7.627495378255844116e-02
1.906837224960327148e-01
-1.807373762130737305e-01
-1.246157288551330566e-01
-1.307738013565540314e-03
3.305948339402675629e-03
2.345625683665275574e-02
1.044849865138530731e-02
4.066356923431158066e-03
9.786963462829589844e-02
-9.233206510543823242e-02
-4.485608935356140137e-01
-9.143401682376861572e-02
-1.009016782045364380e-01
-6.018104776740074158e-02
-8.639349788427352905e-02
-1.061274670064449310e-03
1.350270807743072510e-01
-1.825507432222366333e-01
-2.919971942901611328e-02
-7.344334851950407028e-03
1.561058685183525085e-02
-4.400091990828514099e-02
-4.658637568354606628e-02
2.147945612668991089e-01
6.613146513700485229e-02
-2.580103278160095215e-01
-9.867215156555175781e-02
8.996962010860443115e-02
2.670920789241790771e-01
1.069037094712257385e-01
5.709407478570938110e-02
-2.035247534513473511e-02
-6.748919188976287842e-02
3.315696120262145996e-02
-2.659401297569274902e-01
7.384983822703361511e-03
9.883613139390945435e-02
1.035431846976280212e-01
-1.361477561295032501e-02
2.724593877792358398e-02
-1.093942597508430481e-01
1.624697819352149963e-02
6.686174869537353516e-02
-2.072758376598358154e-01
-2.315079327672719955e-04
-3.880970645695924759e-03
-6.850607693195343018e-02
-1.950505934655666351e-02
-9.091446548700332642e-02
3.619101941585540771e-01
1.483742445707321167e-01
-1.171299293637275696e-01
-8.171791583299636841e-02
2.161569595336914062e-01
-1.498343944549560547e-01
-4.669174924492835999e-02
5.273483693599700928e-02
-7.949643582105636597e-02
-2.339356243610382080e-01
-2.789710462093353271e-01
-3.769488260149955750e-02
3.764601647853851318e-01
1.641035676002502441e-01
-1.249524280428886414e-01
3.599420189857482910e-02
-7.941520214080810547e-02
-6.759956479072570801e-02
7.922565937042236328e-02
1.723581701517105103e-01
-5.569195747375488281e-02
1.440706290304660797e-02
-3.114044480025768280e-02
2.703066356480121613e-02
1.885306537151336670e-01
-3.727274760603904724e-02
-4.528903216123580933e-02
2.172170728445053101e-01
-4.835583269596099854e-03
6.165651232004165649e-02
2.208553999662399292e-02
2.469906210899353027e-02
-9.221641719341278076e-02
-1.339171826839447021e-02
-1.538035273551940918e-01
-1.457896828651428223e-02
-2.705084159970283508e-03
5.513903684914112091e-03
3.485330846160650253e-03
1.670618355274200439e-01
-1.678504794836044312e-01
7.253120094537734985e-02
-2.011995017528533936e-02
-9.843042492866516113e-02
3.232877701520919800e-02
6.550770998001098633e-02
-6.170748174190521240e-02
-1.456728428602218628e-01
9.359492361545562744e-02
-2.504185140132904053e-01
7.893279194831848145e-02
1.222683861851692200e-01
1.821253262460231781e-02
1.818234324455261230e-01
6.366984546184539795e-02
5.974281951785087585e-02
-1.693607494235038757e-02
-8.582777529954910278e-02
-2.487007379531860352e-01
-5.612689070403575897e-03
1.186904087662696838e-01
-4.973742365837097168e-02
7.112024724483489990e-02
-3.707233350723981857e-03
